15
-1 -1 211 -1 23 -1 -1 -1 -1 -1 148 -1 -1 -1 -1
-1 -1 -1 -1 -1 -1 -1 -1 -1 -1 -1 -1 214 -1 -1
211 -1 -1 118 -1 -1 -1 -1 -1 -1 -1 -1 -1 -1 43
-1 -1 118 -1 112 -1 -1 -1 -1 -1 90 271 -1 -1 -1
23 -1 -1 112 -1 53 -1 -1 -1 -1 -1 -1 278 -1 233
-1 -1 -1 -1 53 -1 -1 -1 -1 -1 -1 -1 131 -1 -1
-1 -1 -1 -1 -1 -1 -1 -1 182 289 -1 -1 -1 283 33
-1 -1 -1 -1 -1 -1 -1 -1 151 -1 5 -1 -1 -1 258
-1 -1 -1 -1 -1 -1 182 151 -1 166 -1 27 -1 -1 -1
-1 -1 -1 -1 -1 -1 289 -1 166 -1 -1 -1 -1 -1 -1
148 -1 -1 90 -1 -1 -1 5 -1 -1 -1 153 -1 2 89
-1 -1 -1 271 -1 -1 -1 -1 27 -1 153 -1 -1 -1 134
-1 214 -1 -1 278 131 -1 -1 -1 -1 -1 -1 -1 -1 194
-1 -1 -1 -1 -1 -1 283 -1 -1 -1 2 -1 -1 -1 49
-1 -1 43 -1 233 -1 33 258 -1 -1 89 134 194 49 -1
